frame,image,acq_us,submit_us,present_us
0,0,332,150,80
1,1,168,161,64
2,2,381,171,75
3,3,185,88,34
4,0,246,114,44
5,1,19196,90,40
6,2,19977,80,42
7,3,16103,97,49
8,0,41028,176,76
9,1,7228,94,52
10,2,17023,207,85
11,3,15495,106,44
12,0,17072,102,84
13,1,15815,159,55
14,2,16018,144,65
15,3,16600,156,63
16,0,16211,168,74
17,1,16216,139,52
18,2,16718,124,62
19,3,16370,109,49
20,0,16399,124,55
21,1,16436,125,50
22,2,16447,110,50
23,3,16057,111,42
24,0,16513,88,40
25,1,16512,124,39
26,2,16328,100,55
27,3,16584,105,50
28,0,16506,111,41
29,1,16496,117,47
30,2,16220,90,43
31,3,16557,121,55
32,0,16540,123,46
33,1,16222,119,48
34,2,16727,99,47
35,3,16681,79,46
36,0,16131,87,47
37,1,16551,85,50
38,2,16435,91,58
39,3,16283,85,50
40,0,16614,93,48
41,1,16473,86,61
42,2,16186,84,52
43,3,16733,86,50
44,0,16057,120,50
45,1,16504,85,52
46,2,16373,91,66
47,3,16651,97,49
48,0,16306,89,52
49,1,16417,117,51
50,2,16346,104,51
51,3,16509,89,52
52,0,16309,88,49
53,1,16430,121,64
54,2,16482,108,73
55,3,16497,112,67
56,0,16245,103,70
57,1,16452,107,51
58,2,16248,118,91
59,3,16509,108,68
60,0,16177,88,52
61,1,16193,101,53
62,2,16464,98,54
63,3,16480,94,55
64,0,16167,93,55
65,1,16759,118,67
66,2,16086,141,61
67,3,49144,92,71
68,0,2607,98,53
69,1,31477,89,57
70,2,15703,169,106
71,3,16083,144,63
72,0,16192,117,70
73,1,16318,103,69
74,2,16286,97,69
75,3,16736,121,57
76,0,15994,120,68
77,1,16333,138,85
78,2,16486,146,130
79,3,16004,166,108
80,0,16128,119,93
81,1,16595,129,69
82,2,16276,126,63
83,3,15994,132,60
84,0,16373,145,68
85,1,16271,127,69
86,2,16276,119,63
87,3,18076,173,77
88,0,14846,119,76
89,1,16326,115,75
90,2,16115,127,65
91,3,16165,122,77
92,0,16406,103,74
93,1,16418,104,60
94,2,16368,92,55
95,3,16264,108,58
96,0,16476,95,58
97,1,16494,126,58
98,2,16229,107,57
99,3,16687,143,66
100,0,16281,102,63
101,1,16107,117,64
102,2,16467,121,64
103,3,16355,112,66
104,0,16119,129,65
105,1,16620,123,84
106,2,16051,184,125
107,3,16209,144,83
108,0,16233,138,75
109,1,16130,143,97
110,2,16434,123,77
111,3,18016,129,62
112,0,16348,95,56
113,1,16508,93,58
114,2,16411,95,58
115,3,16281,95,60
116,0,16507,106,58
117,1,16674,135,82
118,2,16040,93,80
119,3,16292,95,57
120,0,16227,95,57
121,1,16325,110,61
122,2,16426,114,59
123,3,16418,119,74
124,0,16200,117,72
125,1,48659,92,56
126,2,1806,98,55
127,3,32618,115,74
128,0,15797,122,56
129,1,16455,95,56
130,2,16489,95,56
131,3,16100,114,55
132,0,16300,88,53
133,1,16754,118,73
134,2,16083,111,58
135,3,16456,122,75
136,0,16435,96,60
137,1,16167,95,57
138,2,16563,100,55
139,3,16477,125,72
140,0,16166,110,56
141,1,16388,99,57
142,2,16365,150,60
143,3,16242,93,55
144,0,16497,101,57
145,1,16547,93,58
146,2,16610,90,57
147,3,15905,195,58
148,0,16301,213,56
149,1,16125,251,74
150,2,16341,192,58
151,3,16193,183,251
152,0,16486,96,77
153,1,16520,93,55
154,2,16123,92,57
155,3,16445,93,56
156,0,16410,92,56
157,1,15954,284,133
158,2,16446,94,56
159,3,16554,92,58
160,0,16353,93,56
161,1,16368,92,55
162,2,16071,257,58
163,3,16006,120,56
164,0,16708,197,57
165,1,16232,201,59
166,2,16084,161,58
167,3,16348,199,58
168,0,15946,108,73
169,1,16327,123,67
170,2,18298,109,58
171,3,16798,95,59
172,0,16000,95,57
173,1,16377,91,57
174,2,16281,98,57
175,3,16465,92,56
176,0,16611,109,58
177,1,16405,92,56
178,2,16269,93,56
179,3,16454,91,58
180,0,16113,106,58
181,1,16485,99,56
182,2,16701,108,57
183,3,47898,96,57
184,0,2496,93,53
185,1,32132,94,56
186,2,16611,95,59
187,3,16131,104,57
188,0,16249,95,56
189,1,16710,94,57
190,2,16196,106,58
191,3,16630,118,79
192,0,16867,120,76
193,1,15326,118,89
194,2,16290,112,79
195,3,16533,120,79
196,0,16070,113,74
197,1,16301,118,78
198,2,16864,116,57
199,3,16119,117,80
200,0,16215,126,64
201,1,16427,122,80
202,2,16256,137,81
203,3,16741,135,76
204,0,16429,111,59
205,1,15637,124,67
206,2,16503,119,83
207,3,16363,122,77
208,0,16300,134,83
209,1,16289,121,81
210,2,16484,124,58
211,3,16373,95,57
212,0,16112,112,59
213,1,16390,104,59
214,2,16133,125,56
215,3,16519,106,59
216,0,16508,105,73
217,1,16431,95,60
218,2,16053,128,60
219,3,16435,104,58
220,0,16337,128,62
221,1,16391,98,59
222,2,16949,121,82
223,3,15995,113,59
224,0,16280,96,59
225,1,16199,94,59
226,2,16407,115,57
227,3,16510,122,79
228,0,16562,97,60
229,1,16202,110,58
230,2,16352,95,58
231,3,16501,123,70
232,0,16098,122,96
233,1,16431,121,81
234,2,16703,95,60
235,3,16160,96,59
236,0,16306,95,59
237,1,16231,95,59
238,2,16325,95,58
239,3,16610,122,83
240,0,16809,99,58
241,1,49915,96,61
242,2,2615,100,55
243,3,29925,99,64
244,0,14803,160,74
245,1,15767,124,61
246,2,15884,94,58
247,3,16632,97,59
248,0,15987,96,58
249,1,16657,105,57
250,2,16456,108,60
251,3,16255,106,64
252,0,16240,94,57
253,1,16364,96,60
254,2,16368,94,57
255,3,16389,93,58
256,0,16718,114,59
257,1,16204,111,64
258,2,16147,98,58
259,3,16377,96,58
260,0,16384,95,59
261,1,16346,94,58
262,2,16848,100,62
263,3,16126,111,115
264,0,16352,159,60
265,1,15983,164,61
266,2,16537,108,66
267,3,16313,114,79
268,0,16766,123,79
269,1,16008,155,82
270,2,16218,126,83
271,3,16014,128,62
272,0,16454,126,86
273,1,16262,124,88
274,2,16371,127,85
275,3,16511,152,104
276,0,16172,103,81
277,1,16367,102,84
278,2,16009,105,70
279,3,16567,122,69
280,0,16395,146,115
281,1,16127,130,84
282,2,16391,101,62
283,3,16325,107,63
284,0,16318,113,60
285,1,16345,98,59
286,2,16213,97,59
287,3,16383,108,56
288,0,16515,99,67
289,1,16430,105,59
290,2,15953,101,59
291,3,16407,100,59
292,0,16526,110,60
293,1,16316,105,58
294,2,16272,120,80
295,3,16486,99,60
296,0,16332,99,58
297,1,16240,103,60
298,2,16337,115,60
299,3,52159,100,58
300,0,43997,92,57
301,1,1717,92,54
302,2,34257,120,53
303,3,16410,103,55
304,0,16411,95,58
305,1,16331,93,55
306,2,16395,113,56
307,3,16460,96,59
308,0,16139,94,57
309,1,16699,97,59
310,2,15995,99,59
311,3,16422,106,59
312,0,16136,105,60
313,1,16490,95,60
314,2,16411,107,62
315,3,16245,104,72
316,0,16305,99,59
317,1,16437,96,60
318,2,16213,99,59
319,3,16837,110,82
320,0,16125,109,59
321,1,16155,104,60
322,2,16262,98,61
323,3,16385,94,57
324,0,16267,99,58
325,1,16626,93,55
326,2,16212,116,58
327,3,16383,103,57
328,0,16319,98,57
329,1,16406,92,79
330,2,16399,96,55
331,3,16806,127,103
332,0,15978,94,56
333,1,16225,98,56
334,2,16549,96,55
335,3,16248,107,64
336,0,16455,102,57
337,1,16787,126,81
338,2,15849,97,57
339,3,16505,100,56
340,0,16373,94,57
341,1,16346,96,76
342,2,16437,112,58
343,3,16748,114,62
344,0,16132,113,65
345,1,17231,123,85
346,2,16393,118,79
347,3,16185,120,76
348,0,16511,120,82
349,1,16206,136,129
350,2,16086,120,100
351,3,16452,120,85
352,0,16106,143,73
353,1,16584,129,81
354,2,16143,147,59
355,3,54096,105,74
356,0,2546,95,51
357,1,25806,95,58
358,2,16443,112,60
359,3,16579,110,78
360,0,16007,95,59
361,1,16406,90,60
362,2,16217,112,60
363,3,16265,111,68
364,0,16488,117,60
365,1,16873,98,79
366,2,15740,114,61
367,3,16413,123,61
368,0,16196,109,62
369,1,16401,102,68
370,2,16329,96,59
371,3,16829,99,77
372,0,16029,117,60
373,1,16344,94,61
374,2,16181,107,71
375,3,16502,94,61
376,0,16202,98,73
377,1,16799,121,75
378,2,15984,121,63
379,3,16320,109,70
380,0,16349,110,71
381,1,16392,100,69
382,2,16359,109,70
383,3,16860,96,60
384,0,16015,130,94
385,1,16298,105,59
386,2,16222,97,74
387,3,16399,100,56
388,0,16383,93,57
389,1,16616,102,55
390,2,16200,99,56
391,3,16450,108,59
392,0,16280,96,71
393,1,16423,97,59
394,2,16300,96,57
395,3,118170,205,103
396,0,57151,220,100
397,1,3073,109,52
398,2,15052,92,52
399,3,16477,96,54
400,0,17013,144,73
401,1,16830,101,72
402,2,15578,95,57
403,3,18750,129,62
404,0,38340,191,93
405,1,45433,187,91
406,2,4707,88,51
407,3,24032,124,71
408,0,16857,116,61
409,1,15829,157,61
410,2,16850,144,77
411,3,16474,138,63
412,0,16312,118,61
413,1,16124,126,59
414,2,15961,114,61
415,3,16234,122,56
416,0,17422,115,60
417,1,15722,119,73
418,2,16487,152,65
419,3,16515,118,67
420,0,15282,131,61
421,1,16365,169,100
422,2,17047,112,60
423,3,16558,118,55
424,0,16425,114,57
425,1,15966,134,58
426,2,15636,126,58
427,3,16842,144,64
428,0,16357,127,60
429,1,16192,130,74
430,2,16699,129,59
431,3,16208,120,57
432,0,15704,144,61
433,1,16657,141,71
434,2,16693,193,67
435,3,18796,164,77
436,0,15163,153,75
437,1,15931,120,62
438,2,17488,117,63
439,3,15004,144,83
440,0,15399,101,58
441,1,16928,108,62
442,2,16387,116,61
443,3,16259,120,62
444,0,16395,112,60
445,1,15566,100,59
446,2,17326,133,60
447,3,16072,142,67
448,0,16419,136,60
449,1,16230,178,75
450,2,15574,119,65
451,3,15990,143,69
452,0,16829,95,57
453,1,16791,133,70
454,2,16793,133,77
455,3,16259,123,73
456,0,16597,144,68
457,1,16063,147,67
458,2,22175,143,79
459,3,16372,140,81
460,0,18282,109,62
461,1,8422,100,56
462,2,60833,189,94
463,3,4317,93,53
464,0,25799,166,89
465,1,7115,96,53
466,2,16797,112,57
467,3,16194,102,57
468,0,16166,101,91
469,1,16262,101,60
470,2,27759,123,69
471,3,4843,94,57
472,0,16743,99,58
473,1,16724,95,56
474,2,15519,99,54
475,3,16311,98,56
476,0,16322,98,56
477,1,33143,142,72
478,2,2315,95,56
479,3,14177,99,56
480,0,16552,110,62
481,1,31448,127,65
482,2,19262,121,63
483,3,14337,122,69
484,0,16272,165,78
485,1,15937,103,59
486,2,32599,124,60
487,3,36039,165,75
488,0,19585,127,87
489,1,16098,174,85
490,2,19208,138,75
491,3,22023,153,66
492,0,15101,142,74
493,1,32971,207,107
494,2,5074,143,62
495,3,34870,117,63
496,0,13127,126,72
497,1,21121,105,60
498,2,15019,247,75
499,3,17802,161,79
500,0,11082,106,58
501,1,19658,129,95
502,2,16455,189,81
503,3,15063,126,110
504,0,13469,169,82
505,1,17413,146,76
506,2,15364,128,74
507,3,15699,122,58
508,0,16346,141,59
509,1,16546,114,61
510,2,15788,149,75
511,3,16460,118,58
512,0,16949,123,60
513,1,16197,118,63
514,2,17285,111,58
515,3,57742,120,71
516,0,7103,114,60
517,1,17213,101,80
518,2,16993,124,79
519,3,14807,119,70
520,0,16515,124,75
521,1,16444,130,67
522,2,16714,126,64
523,3,16210,135,64
524,0,16239,120,63
525,1,16447,145,65
526,2,15632,130,62
527,3,16606,126,76
528,0,16723,117,63
529,1,16000,128,61
530,2,16607,129,62
531,3,16337,123,64
532,0,15852,125,62
533,1,16549,122,73
534,2,16828,139,65
535,3,15943,134,62
536,0,16295,119,61
537,1,16388,137,63
538,2,15721,118,92
539,3,16672,117,53
540,0,16631,136,63
541,1,16453,143,110
542,2,16188,123,67
543,3,16209,124,77
544,0,16016,126,66
545,1,16569,138,66
546,2,17057,135,66
547,3,16000,133,67
548,0,16192,134,66
549,1,16397,133,66
550,2,15620,134,65
551,3,16523,160,72
552,0,16785,133,63
553,1,16228,120,66
554,2,16180,112,77
555,3,16600,121,65
556,0,15582,115,75
557,1,16843,132,62
558,2,16499,124,59
559,3,15815,122,61
560,0,16414,148,62
561,1,16239,155,58
562,2,15837,119,57
563,3,16776,169,88
564,0,16402,112,55
565,1,16121,115,64
566,2,26674,101,54
567,3,16608,113,63
568,0,16376,125,59
569,1,16185,107,54
570,2,16070,117,60
571,3,16396,121,55
572,0,16401,111,58
573,1,45944,131,54
574,2,20659,89,55
575,3,16094,88,52
576,0,16203,115,53
577,1,16253,117,48
578,2,16304,121,62
579,3,16424,117,52
580,0,16345,121,51
581,1,16269,117,54
582,2,16427,117,56
583,3,16344,135,57
584,0,16399,153,54
585,1,16228,114,56
586,2,16006,117,64
587,3,16323,110,59
588,0,16328,139,56
589,1,16393,163,54
590,2,16343,118,82
591,3,16573,124,51
592,0,16145,124,90
593,1,16551,122,52
594,2,16254,115,55
595,3,16802,134,57
596,0,16165,127,61
597,1,16685,93,54
598,2,16257,91,54
599,3,16087,146,58
600,0,16270,120,55
601,1,16272,122,55
602,2,16498,121,60
603,3,16416,125,56
604,0,16381,139,77
605,1,16228,125,75
606,2,16520,119,73
607,3,16202,123,76
608,0,16232,121,56
609,1,16630,181,73
610,2,16309,111,79
611,3,16059,126,74
612,0,16392,120,74
613,1,16631,117,82
614,2,16034,114,76
615,3,16530,128,62
616,0,16366,108,73
617,1,16225,118,77
618,2,16322,112,74
619,3,16444,110,75
620,0,16127,118,73
621,1,16514,125,61
622,2,16350,90,58
623,3,16152,117,59
624,0,16521,98,57
625,1,24476,111,58
626,2,16053,127,57
627,3,16572,115,64
628,0,16495,106,56
629,1,16024,122,58
630,2,79798,166,82
631,3,4916,114,58
632,0,31612,150,95
633,1,14408,141,64
634,2,16643,132,55
635,3,16439,124,69
636,0,16318,110,63
637,1,16464,120,87
638,2,16393,143,64
639,3,16202,136,65
640,0,16377,146,74
641,1,16623,154,125
642,2,15973,157,87
643,3,17122,131,96
644,0,15954,190,82
645,1,15911,166,89
646,2,16442,127,82
647,3,16146,161,71
648,0,15941,140,68
649,1,16269,177,69
650,2,16275,148,68
651,3,16365,139,66
652,0,16570,149,73
653,1,16715,116,61
654,2,16461,138,68
655,3,16395,191,68
656,0,16268,132,80
657,1,16274,168,74
658,2,16181,183,72
659,3,16621,169,69
660,0,15806,106,61
661,1,16150,134,75
662,2,16356,116,68
663,3,16204,126,88
664,0,16466,108,61
665,1,16851,119,79
666,2,15652,154,67
667,3,15778,145,73
668,0,16339,109,59
669,1,16378,109,60
670,2,16346,105,60
671,3,16730,104,62
672,0,15611,113,62
673,1,16051,109,63
674,2,16327,106,59
675,3,16392,120,65
676,0,16297,101,59
677,1,16686,136,69
678,2,15565,104,57
679,3,33339,145,71
680,0,12802,129,77
681,1,16269,147,63
682,2,16362,110,63
683,3,16481,122,66
684,0,15786,120,67
685,1,16363,107,63
686,2,51608,130,74
687,3,4087,101,64
688,0,16220,101,55
689,1,16310,97,55
690,2,16425,98,52
691,3,16259,108,55
692,0,16380,101,54
693,1,15868,101,56
694,2,16828,124,58
695,3,17529,125,59
696,0,17680,103,58
697,1,32800,147,73
698,2,15861,197,108
699,3,19270,142,118
700,0,11655,129,64
701,1,16216,105,62
702,2,16027,102,59
703,3,16426,101,57
704,0,16704,102,57
705,1,15908,101,57
706,2,33884,143,70
707,3,16270,133,65
708,0,16385,128,69
709,1,16686,173,99
710,2,16773,128,82
711,3,17821,147,96
712,0,16843,138,81
713,1,12639,112,62
714,2,15662,111,60
715,3,16254,126,62
716,0,17389,111,63
717,1,16032,112,64
718,2,16259,106,58
719,3,16378,112,60
720,0,16368,99,57
721,1,16212,157,76
722,2,25274,155,100
723,3,6525,117,80
724,0,17127,105,58
725,1,16208,109,63
726,2,16454,112,59
727,3,22965,207,109
728,0,9003,113,61
729,1,23868,139,91
730,2,17612,130,80
731,3,7938,110,62
732,0,15756,153,65
733,1,16330,108,62
734,2,16534,110,67
735,3,16437,112,65
736,0,15987,109,60
737,1,16418,122,59
738,2,16394,128,68
739,3,18524,131,104
740,0,15922,109,60
741,1,14747,140,68
742,2,55700,96,57
743,3,9757,97,54
744,0,16812,122,70
745,1,16422,91,56
746,2,15825,93,57
747,3,16558,92,56
748,0,16467,106,57
749,1,16146,102,57
750,2,16460,104,56
751,3,16374,96,56
752,0,16355,93,56
753,1,16498,100,69
754,2,16455,96,56
755,3,16251,98,56
756,0,17163,113,68
757,1,15743,173,69
758,2,16088,115,66
759,3,16480,110,71
760,0,16137,105,62
761,1,16825,110,61
762,2,16143,142,69
763,3,16085,136,68
764,0,16298,135,91
765,1,16360,145,72
766,2,16145,105,56
767,3,16270,95,56
768,0,16455,98,84
769,1,16225,94,58
770,2,16550,93,57
771,3,17101,150,69
772,0,16283,134,69
773,1,15754,130,68
774,2,16209,114,94
775,3,16267,123,70
776,0,17061,150,73
777,1,16086,145,70
778,2,16397,133,69
779,3,16283,141,86
780,0,16605,131,91
781,1,16187,142,69
782,2,16360,158,70
783,3,16002,143,70
784,0,16345,143,71
785,1,16285,121,68
786,2,16607,103,65
787,3,15486,107,58
788,0,16538,121,68
789,1,16748,136,77
790,2,16245,103,68
791,3,16231,105,67
792,0,16632,108,59
793,1,16216,176,78
794,2,16240,138,71
795,3,16173,118,72
796,0,15843,119,72
797,1,21841,180,85
798,2,16343,170,94
799,3,16074,173,66
800,0,51393,149,59
801,1,3177,99,56
802,2,13254,115,56
803,3,13121,129,77
804,0,16150,106,90
805,1,17040,117,59
806,2,15671,117,66
807,3,16181,118,78
808,0,16290,118,63
809,1,16352,128,79
810,2,16373,121,67
811,3,16273,117,72
812,0,16505,94,57
813,1,16306,106,57
814,2,16178,91,56
815,3,16442,121,64
816,0,16372,118,65
817,1,16251,117,71
818,2,16537,119,65
819,3,16123,113,76
820,0,16359,117,76
821,1,16723,118,76
822,2,16032,119,68
823,3,16342,117,80
824,0,16355,120,65
825,1,16244,117,70
826,2,16265,118,59
827,3,16908,123,66
828,0,15842,117,72
829,1,16245,119,77
830,2,16695,119,68
831,3,16362,129,72
832,0,16196,95,58
833,1,16431,90,57
834,2,16347,99,58
835,3,16121,101,61
836,0,16697,95,58
837,1,16048,99,56
838,2,16340,113,56
839,3,16598,94,58
840,0,16258,124,80
841,1,16543,94,71
842,2,16234,106,55
843,3,16399,127,81
844,0,16409,93,59
845,1,16489,128,81
846,2,16164,124,77
847,3,16510,117,74
848,0,16147,132,71
849,1,16265,95,57
850,2,16667,95,57
851,3,16263,150,79
852,0,16272,119,57
853,1,16469,117,73
854,2,16219,117,91
855,3,16284,97,57
856,0,16426,95,56
857,1,23738,182,90
858,2,15490,401,111
859,3,45599,130,68
860,0,36890,131,76
861,1,16460,206,102
862,2,16154,167,71
863,3,16854,171,65
864,0,15326,149,98
865,1,16042,117,92
866,2,16569,196,93
867,3,15897,114,63
868,0,16339,92,54
869,1,16336,106,54
870,2,16242,110,56
871,3,16471,96,59
872,0,16549,134,71
873,1,16288,124,64
874,2,16466,97,80
875,3,16488,95,55
876,0,15992,103,57
877,1,16346,95,60
878,2,16584,140,69
879,3,16289,106,58
880,0,16334,100,58
881,1,16544,97,57
882,2,16224,110,59
883,3,16370,95,65
884,0,16908,180,119
885,1,15699,104,58
886,2,16324,96,63
887,3,16404,103,58
888,0,16311,103,58
889,1,16372,94,60
890,2,16525,125,84
891,3,16038,123,57
892,0,16453,101,56
893,1,16392,131,68
894,2,16326,125,85
895,3,16413,115,149
896,0,16619,100,55
897,1,15925,119,137
898,2,16122,116,140
899,3,16309,287,62
900,0,16033,109,153
901,1,16025,116,130
902,2,43760,108,60
903,3,16064,179,126
904,0,17522,141,81
905,1,7858,111,60
906,2,16356,129,75
907,3,16807,156,84
908,0,15825,124,75
909,1,16339,232,156
910,2,16676,175,94
911,3,16429,342,119
912,0,15963,183,96
913,1,16413,162,111
914,2,64860,145,66
915,3,17478,154,73
916,0,16950,182,92
917,1,15969,144,81
918,2,15089,176,85
919,3,16634,131,74
920,0,16245,130,73
921,1,16180,130,76
922,2,16958,127,64
923,3,15488,179,72
924,0,16354,113,65
925,1,16446,130,76
926,2,16096,142,83
927,3,16804,100,62
928,0,16104,185,124
929,1,17934,106,81
930,2,14860,136,76
931,3,16192,199,107
932,0,15677,121,90
933,1,16366,109,63
934,2,16511,158,88
935,3,20044,139,74
936,0,12515,121,65
937,1,16182,106,65
938,2,16256,113,62
939,3,16733,126,65
940,0,16442,150,87
941,1,16174,114,88
942,2,16285,107,63
943,3,16357,108,63
944,0,16191,101,61
945,1,16735,103,58
946,2,16607,112,62
947,3,16395,105,60
948,0,15956,103,60
949,1,16457,113,59
950,2,16337,154,79
951,3,16600,136,73
952,0,16337,134,76
953,1,16456,112,57
954,2,16355,132,66
955,3,16186,151,73
956,0,16059,105,61
957,1,16355,123,65
958,2,16108,130,64
959,3,16248,105,62
960,0,16540,120,64
961,1,16259,131,60
962,2,16346,124,63
963,3,16509,119,62
964,0,16420,127,62
965,1,16255,118,62
966,2,16416,120,63
967,3,16407,131,65
968,0,16225,131,66
969,1,16526,110,63
970,2,16560,141,63
971,3,59673,126,81
972,0,3507,112,59
973,1,12509,103,57
974,2,13042,117,62
975,3,15436,107,60
976,0,16293,114,62
977,1,17002,101,57
978,2,16963,125,68
979,3,15511,103,62
980,0,16137,109,59
981,1,16212,128,65
982,2,16699,99,59
983,3,16633,100,60
984,0,16463,100,61
985,1,16088,100,60
986,2,16170,142,63
987,3,16273,130,62
988,0,16880,107,59
989,1,16419,116,62
990,2,16546,98,58
991,3,16066,108,60
992,0,16240,116,60
993,1,16057,130,61
994,2,16887,110,61
995,3,16402,103,60
996,0,16427,98,58
997,1,16230,101,59
998,2,16077,135,61
999,3,16089,120,78
1000,0,16981,105,57
1001,1,16456,92,56
1002,2,16537,118,58
1003,3,16078,120,58
1004,0,15979,138,78
1005,1,18591,147,81
1006,2,14490,176,64
1007,3,16701,157,77
1008,0,16206,136,60
1009,1,16236,128,66
1010,2,16586,129,75
1011,3,15733,120,57
1012,0,16770,151,66
1013,1,16398,117,76
1014,2,16137,124,67
1015,3,16244,149,62
1016,0,16193,121,68
1017,1,16088,153,67
1018,2,16662,135,62
1019,3,16613,122,63
1020,0,16277,121,62
1021,1,16271,131,65
1022,2,15811,112,84
1023,3,30486,133,81
1024,0,20052,177,67
1025,1,16278,164,80
1026,2,15551,117,63
1027,3,16131,113,78
1028,0,16509,139,75
1029,1,52944,121,62
1030,2,16151,121,54
1031,3,15920,125,68
1032,0,16845,120,56
1033,1,15698,157,64
1034,2,17747,118,60
1035,3,16347,115,56
1036,0,15825,118,61
1037,1,16304,134,83
1038,2,16019,111,53
1039,3,16755,92,57
1040,0,19809,110,58
1041,1,13197,134,67
1042,2,16351,124,57
1043,3,16120,97,55
1044,0,16404,130,64
1045,1,16370,126,65
1046,2,16481,115,63
1047,3,40875,174,63
1048,0,3316,102,51
1049,1,22545,118,82
1050,2,14236,156,73
1051,3,16052,94,56
1052,0,16155,93,56
1053,1,16351,99,59
1054,2,17018,125,77
1055,3,15840,122,75
1056,0,16709,126,80
1057,1,16085,143,56
1058,2,16226,97,73
1059,3,16665,124,77
1060,0,16297,100,62
1061,1,16343,102,63
1062,2,16908,120,66
1063,3,15589,122,128
1064,0,16649,100,78
1065,1,16105,101,64
1066,2,19543,135,93
1067,3,13603,135,60
1068,0,16103,136,85
1069,1,16059,131,99
1070,2,17189,135,88
1071,3,15844,127,80
1072,0,15901,164,101
1073,1,15994,136,83
1074,2,60517,139,90
1075,3,48563,105,63
1076,0,2555,144,74
1077,1,56902,225,103
1078,2,3062,100,60
1079,3,32673,243,93
1080,0,2415,113,63
1081,1,62290,129,71
1082,2,4903,109,66
1083,3,35185,121,71
1084,0,3112,115,66
1085,1,34348,115,69
1086,2,20449,188,101
1087,3,11990,157,89
1088,0,5749,114,68
1089,1,20603,128,76
1090,2,12027,123,69
1091,3,29219,144,76
1092,0,2161,117,86
1093,1,32097,113,70
1094,2,21668,139,69
1095,3,2261,133,68
1096,0,13162,176,79
1097,1,33447,127,78
1098,2,21807,298,94
1099,3,3908,110,64
1100,0,31242,125,83
1101,1,4467,131,73
1102,2,30588,141,71
1103,3,21239,159,83
1104,0,9906,107,63
1105,1,34133,166,107
1106,2,826,113,72
1107,3,33520,125,71
1108,0,19736,118,75
1109,1,7331,109,61
1110,2,29455,154,2161
1111,3,3926,136,84
1112,0,28559,109,66
1113,1,2888,127,66
1114,2,36211,128,64
1115,3,19979,127,70
1116,0,10408,141,72
1117,1,29389,144,88
1118,2,1923,100,59
1119,3,35636,107,64
1120,0,20039,141,85
1121,1,9636,150,88
1122,2,27151,217,85
1123,3,4013,105,61
1124,0,33276,115,73
1125,1,1501,121,68
1126,2,18863,111,67
1127,3,14076,145,89
1128,0,20732,122,678
1129,1,12491,149,97
1130,2,22803,140,73
1131,3,17547,124,94
1132,0,39742,2219,81
1133,1,58472,116,63
1134,2,6622,124,70
1135,3,35136,118,71
1136,0,1860,142,72
1137,1,33484,179,91
1138,2,2967,104,62
1139,3,36693,121,73
1140,0,1010,133,76
1141,1,40289,162,71
1142,2,17998,146,94
1143,3,4667,156,92
1144,0,38128,119,73
1145,1,24291,149,64
1146,2,2902,111,63
1147,3,37153,135,68
1148,0,3008,108,60
1149,1,25125,139,76
1150,2,8725,111,64
1151,3,21179,134,70
1152,0,28525,103,80
1153,1,4708,149,73
1154,2,33108,120,80
1155,3,21703,153,99
1156,0,3861,139,64
1157,1,15740,109,73
1158,2,20336,123,72
1159,3,12536,101,58
1160,0,33364,118,71
1161,1,20586,155,80
1162,2,2873,111,62
1163,3,34520,147,97
1164,0,19172,140,74
1165,1,10242,107,59
1166,2,23516,127,70
1167,3,8932,107,62
1168,0,25067,108,67
1169,1,7864,103,63
1170,2,26693,126,100
1171,3,12494,155,84
1172,0,23018,137,93
1173,1,4031,125,68
1174,2,29056,118,74
1175,3,272,106,56
1176,0,32163,119,67
1177,1,2278,131,68
1178,2,32178,195,101
1179,3,1924,129,64
1180,0,33540,135,80
1181,1,1861,94,53
1182,2,37856,176,89
1183,3,52438,125,67
1184,0,3486,124,70
1185,1,16863,129,67
1186,2,31593,116,68
1187,3,1247,114,80
1188,0,30052,110,68
1189,1,2902,111,64
1190,2,29047,115,87
1191,3,2066,107,61
1192,0,18514,105,62
1193,1,11850,105,61
1194,2,32666,116,72
1195,3,18107,161,102
1196,0,3467,120,67
1197,1,12475,113,65
1198,2,31375,155,136
1199,3,18133,1160,85
1200,0,12797,244,133
1201,1,19493,130,88
1202,2,15114,157,88
1203,3,16829,134,84
1204,0,15167,132,78
1205,1,16914,122,70
1206,2,14280,160,75
1207,3,17392,124,70
1208,0,14998,105,62
1209,1,17519,106,77
1210,2,15522,168,101
1211,3,17244,129,65
1212,0,14298,125,64
1213,1,16952,129,62
1214,2,15496,106,62
1215,3,16518,123,66
1216,0,15988,113,64
1217,1,18943,130,66
1218,2,13749,103,68
1219,3,17527,134,64
1220,0,15240,132,69
1221,1,17041,125,65
1222,2,15816,119,71
1223,3,18335,129,69
1224,0,17224,115,69
1225,1,16708,128,65
1226,2,13167,131,106
1227,3,18272,146,96
1228,0,15171,1126,75
1229,1,16719,110,62
1230,2,13802,101,68
1231,3,18358,140,66
1232,0,13882,123,63
1233,1,18499,118,59
1234,2,15784,117,69
1235,3,16478,98,63
1236,0,13500,107,61
1237,1,18865,96,62
1238,2,14091,102,80
1239,3,51205,110,60
1240,0,14599,102,60
1241,1,24710,138,85
1242,2,8081,104,58
1243,3,19094,133,82
1244,0,16178,191,135
1245,1,16411,139,84
1246,2,15582,104,62
1247,3,16439,100,62
1248,0,16218,159,71
1249,1,15976,119,85
1250,2,16464,160,94
1251,3,15996,106,76
1252,0,16482,145,77
1253,1,16314,130,73
1254,2,16250,119,74
1255,3,16088,112,57
1256,0,19224,131,82
1257,1,19698,98,61
1258,2,9700,130,93
1259,3,18864,101,59
1260,0,13835,129,67
1261,1,16087,102,60
1262,2,16710,133,84
1263,3,18331,175,98
1264,0,13941,121,79
1265,1,16260,130,73
1266,2,16513,143,85
1267,3,16230,103,61
1268,0,17103,173,80
1269,1,18957,225,103
1270,2,13822,128,78
1271,3,18494,118,72
1272,0,19348,114,69
1273,1,17491,127,68
1274,2,11740,164,93
1275,3,20631,116,78
1276,0,7124,133,71
1277,1,24763,163,75
1278,2,7830,115,66
1279,3,24940,118,70
1280,0,9377,160,78
1281,1,24653,119,71
1282,2,7924,123,69
1283,3,24152,126,69
1284,0,6914,144,84
1285,1,27971,133,88
1286,2,5855,138,75
1287,3,28037,122,82
1288,0,1854,105,65
1289,1,30454,124,72
1290,2,2927,112,62
1291,3,28478,118,79
1292,0,3673,161,92
1293,1,28093,105,65
1294,2,3824,127,70
1295,3,27960,178,77
1296,0,3705,149,85
1297,1,64466,105,56
1298,2,5642,98,56
1299,3,15847,103,59
1300,0,29550,129,72
1301,1,16394,119,62
1302,2,26032,117,64
1303,3,13765,141,68
1304,0,19071,108,61
1305,1,14184,99,56
1306,2,17968,127,67
1307,3,18720,129,67
1308,0,18089,121,64
1309,1,8534,125,64
1310,2,22542,112,72
1311,3,10038,124,63
1312,0,20202,114,103
1313,1,16738,132,94
1314,2,20937,144,79
1315,3,7240,120,67
1316,0,15796,112,67
1317,1,23591,127,71
1318,2,8840,103,57
1319,3,24247,159,98
1320,0,8510,128,76
1321,1,26511,125,74
1322,2,24243,132,71
1323,3,16716,130,77
1324,0,19206,142,103
1325,1,11677,117,64
1326,2,24318,123,73
1327,3,8209,100,59
1328,0,27693,124,72
1329,1,3611,129,77
1330,2,30615,124,75
1331,3,18631,193,119
1332,0,3570,132,67
1333,1,31951,157,87
1334,2,3658,123,67
1335,3,15026,130,82
1336,0,32662,146,87
1337,1,2372,136,85
1338,2,35683,149,78
1339,3,20986,110,63
1340,0,20122,167,71
1341,1,12222,197,69
1342,2,25783,137,86
1343,3,6692,107,63
1344,0,28941,188,92
1345,1,4519,109,69
1346,2,33026,136,109
1347,3,1817,185,91
1348,0,18395,111,63
1349,1,15756,104,63
1350,2,61177,135,93
1351,3,19882,124,83
1352,0,20244,179,81
1353,1,8578,122,76
1354,2,28985,144,72
1355,3,22909,157,95
1356,0,3114,105,59
1357,1,32581,222,109
1358,2,19973,128,73
1359,3,19980,129,84
1360,0,6201,146,80
1361,1,16304,124,70
1362,2,14426,118,68
1363,3,36590,154,73
1364,0,18914,179,73
1365,1,7901,119,115
1366,2,30152,176,110
1367,3,19072,140,89
1368,0,19694,118,72
1369,1,21198,298,90
1370,2,7292,115,64
1371,3,16751,144,82
1372,0,17500,113,63
1373,1,14687,134,95
1374,2,18667,151,108
1375,3,12052,123,73
1376,0,19504,157,83
1377,1,18023,141,84
1378,2,29823,121,75
1379,3,18698,153,77
1380,0,19250,165,98
1381,1,5782,120,69
1382,2,22515,139,77
1383,3,12538,118,67
1384,0,14522,108,62
1385,1,34958,137,76
1386,2,1049,129,71
1387,3,32482,213,77
1388,0,4087,123,71
1389,1,20044,140,76
1390,2,13059,112,65
1391,3,23544,120,67
1392,0,28422,158,115
1393,1,2448,137,79
1394,2,30676,135,81
1395,3,2759,120,83
1396,0,17628,109,63
1397,1,14776,109,64
1398,2,33513,118,66
1399,3,2728,120,65
1400,0,31937,136,89
1401,1,2272,111,67
1402,2,54372,231,100
1403,3,46915,139,77
1404,0,2788,109,56
1405,1,20325,112,67
1406,2,25815,137,68
1407,3,6607,153,77
1408,0,27778,106,62
1409,1,6052,127,81
1410,2,27376,140,81
1411,3,5169,113,60
1412,0,29979,135,67
1413,1,17676,121,71
1414,2,18322,147,80
1415,3,2406,126,69
1416,0,16920,104,63
1417,1,11713,107,60
1418,2,32005,165,92
1419,3,17388,202,103
1420,0,4475,107,59
1421,1,13236,115,63
1422,2,29067,135,68
1423,3,2720,110,59
1424,0,28078,120,69
1425,1,7279,131,67
1426,2,14540,123,67
1427,3,14309,138,85
1428,0,23996,152,69
1429,1,7077,137,63
1430,2,22797,128,86
1431,3,24582,172,74
1432,0,3001,111,60
1433,1,14789,133,83
1434,2,26923,175,74
1435,3,7875,128,70
1436,0,20123,115,103
1437,1,14462,132,84
1438,2,16365,136,85
1439,3,14320,132,65
1440,0,16915,133,82
1441,1,13532,136,86
1442,2,17029,134,66
1443,3,15937,154,73
1444,0,17630,123,72
1445,1,13780,125,103
1446,2,16875,115,69
1447,3,15479,178,94
1448,0,17489,120,116
1449,1,16452,125,68
1450,2,17544,109,64
1451,3,14396,107,64
1452,0,17031,107,66
1453,1,15353,110,64
1454,2,18023,109,66
1455,3,17362,123,72
1456,0,16053,154,71
1457,1,13157,140,69
1458,2,61163,126,63
1459,3,3998,177,81
1460,0,18531,129,70
1461,1,22097,118,71
1462,2,8279,105,60
1463,3,20572,142,73
1464,0,13058,584,75
1465,1,16124,133,84
1466,2,15296,116,66
1467,3,16681,116,71
1468,0,18412,137,92
1469,1,19798,140,85
1470,2,13521,120,60
1471,3,19115,111,92
1472,0,13242,139,76
1473,1,18762,125,72
1474,2,14264,102,62
1475,3,17721,139,91
1476,0,14225,115,63
1477,1,18095,140,92
1478,2,14478,107,65
1479,3,18854,151,68
1480,0,13630,128,72
1481,1,16438,119,62
1482,2,15809,104,63
1483,3,17025,177,70
1484,0,14826,131,75
1485,1,17419,120,74
1486,2,22430,157,75
1487,3,8003,128,72
1488,0,16872,125,71
1489,1,22950,166,115
1490,2,7031,115,61
1491,3,25017,127,73
1492,0,7098,112,62
1493,1,24145,150,107
1494,2,16738,159,86
1495,3,8992,152,104
1496,0,16723,130,72
1497,1,25271,137,75
1498,2,6273,137,79
1499,3,32459,110,108
1500,0,1795,108,61
1501,1,30738,105,65
1502,2,18097,108,65
1503,3,14881,137,82
1504,0,18431,109,65
1505,1,14453,119,65
1506,2,18736,179,94
1507,3,14558,143,70
1508,0,19146,134,77
1509,1,13282,169,92
1510,2,19769,172,87
1511,3,12170,163,94
1512,0,18288,115,67
1513,1,16499,122,73
1514,2,17680,150,70
1515,3,62301,134,83
1516,0,4583,128,77
1517,1,30910,110,63
1518,2,10095,113,60
1519,3,21045,106,60
1520,0,12099,168,103
1521,1,18435,137,70
1522,2,14631,104,69
1523,3,17654,153,66
1524,0,14895,104,62
1525,1,17578,128,68
1526,2,15912,104,63
1527,3,16759,144,73
1528,0,18060,120,77
1529,1,18605,108,68
1530,2,12155,162,84
1531,3,21442,119,65
1532,0,11004,131,66
1533,1,22783,130,68
1534,2,9811,107,59
1535,3,25125,126,80
1536,0,7558,108,60
1537,1,27580,140,81
1538,2,2451,116,65
1539,3,29791,130,85
1540,0,2749,124,69
1541,1,32801,159,79
1542,2,32226,142,72
1543,3,24995,135,74
1544,0,29449,133,70
1545,1,30557,119,65
1546,2,2714,105,64
1547,3,32134,188,74
1548,0,12168,247,126
1549,1,22886,132,83
1550,2,9635,140,82
1551,3,24799,153,81
1552,0,5888,109,82
1553,1,29429,227,115
1554,2,3409,118,67
1555,3,31841,217,87
1556,0,4260,107,61
1557,1,30568,149,72
1558,2,26109,169,120
1559,3,3086,128,95
1560,0,32744,159,101
1561,1,2095,123,68
1562,2,36027,127,75
1563,3,6512,123,94
1564,0,32452,117,72
1565,1,2241,119,65
1566,2,34184,115,82
1567,3,60286,168,69
1568,0,18659,104,63
1569,1,20082,120,92
1570,2,27800,125,73
1571,3,869,186,93
1572,0,33959,132,72
1573,1,2344,106,58
1574,2,32928,145,66
1575,3,10129,131,69
1576,0,25693,123,80
1577,1,6760,137,75
1578,2,33876,137,73
1579,3,1119,117,64
1580,0,37958,135,87
1581,1,26990,107,66
1582,2,25241,141,108
1583,3,3273,125,63
1584,0,36127,141,65
1585,1,1876,106,60
1586,2,29463,187,80
1587,3,24687,123,97
1588,0,5922,135,70
1589,1,32377,124,73
1590,2,2000,133,74
1591,3,34101,280,117
1592,0,21298,127,73
1593,1,7997,132,75
1594,2,28685,135,99
1595,3,2834,151,66
1596,0,32644,145,73
1597,1,736,137,68
1598,2,29299,148,87
1599,3,3406,105,64
1600,0,33317,210,79
1601,1,2266,118,68
1602,2,32560,126,74
1603,3,21279,202,89
1604,0,2943,124,70
1605,1,30056,123,72
1606,2,2675,139,72
1607,3,30631,130,84
1608,0,20567,139,90
1609,1,1498,139,81
1610,2,33416,127,73
1611,3,12685,149,89
1612,0,21525,137,67
1613,1,15804,123,73
1614,2,20496,141,100
1615,3,65916,141,89
1616,0,33774,151,71
1617,1,7033,113,62
1618,2,29981,211,101
1619,3,4967,185,82
1620,0,12621,100,60
1621,1,32804,158,68
1622,2,19056,152,70
1623,3,17898,109,64
1624,0,13444,165,79
1625,1,15380,100,60
1626,2,17183,123,86
1627,3,15552,101,59
1628,0,17490,114,88
1629,1,15404,112,71
1630,2,17905,138,68
1631,3,14868,183,72
1632,0,18994,124,74
1633,1,14452,137,75
1634,2,19069,124,74
1635,3,12901,186,86
1636,0,20091,134,73
1637,1,12374,196,92
1638,2,22742,141,78
1639,3,9630,107,61
1640,0,24182,130,67
1641,1,8119,131,64
1642,2,25052,190,87
1643,3,7518,121,69
1644,0,17288,113,80
1645,1,16527,157,464
1646,2,20196,154,70
1647,3,11461,181,92
1648,0,20478,141,68
1649,1,12320,152,71
1650,2,20606,120,73
1651,3,11785,154,93
1652,0,16990,120,72
1653,1,14424,126,69
1654,2,16703,123,73
1655,3,15407,137,88
1656,0,18106,135,84
1657,1,14638,138,90
1658,2,17054,150,86
1659,3,15478,114,88
1660,0,17251,154,88
1661,1,15261,132,65
1662,2,16413,151,88
1663,3,16278,139,100
1664,0,16843,114,68
1665,1,15813,117,67
1666,2,17208,138,84
1667,3,15459,106,66
1668,0,16432,138,87
1669,1,21013,221,89
1670,2,56437,107,60
1671,3,5586,119,67
1672,0,14224,162,79
1673,1,28877,142,96
1674,2,4044,119,65
1675,3,25537,129,82
1676,0,8444,124,64
1677,1,20445,134,83
1678,2,23554,120,89
1679,3,3156,107,61
1680,0,16508,109,61
1681,1,25869,123,77
1682,2,5458,104,63
1683,3,22620,184,85
1684,0,10838,148,74
1685,1,17970,149,64
1686,2,14949,129,80
1687,3,16670,190,85
1688,0,15291,147,85
1689,1,16742,129,75
1690,2,15327,129,74
1691,3,17509,131,63
1692,0,15639,133,70
1693,1,16595,129,81
1694,2,16829,120,78
1695,3,17381,127,80
1696,0,13939,103,62
1697,1,18327,109,67
1698,2,14945,111,65
1699,3,17981,109,67
1700,0,14690,128,76
1701,1,18401,130,71
1702,2,14060,139,85
1703,3,18389,130,78
1704,0,14595,139,64
1705,1,18344,133,69
1706,2,14535,139,81
1707,3,17261,124,85
1708,0,14854,132,62
1709,1,16448,118,75
1710,2,15712,146,61
1711,3,17127,103,58
1712,0,15815,99,61
1713,1,17172,138,70
1714,2,15396,131,81
1715,3,18363,113,59
1716,0,14214,133,60
1717,1,17236,116,59
1718,2,15422,148,84
1719,3,17165,124,77
1720,0,17864,123,75
1721,1,16786,118,62
1722,2,12328,149,78
1723,3,17456,124,84
1724,0,14460,111,65
1725,1,17923,123,60
1726,2,14450,134,67
1727,3,18574,226,61
1728,0,53871,122,70
1729,1,2805,154,84
1730,2,26454,89,62
1731,3,14628,104,53
1732,0,17664,129,55
1733,1,14858,88,52
1734,2,17911,124,63
1735,3,18455,108,61
1736,0,14984,163,98
1737,1,13597,94,56
1738,2,15653,94,62
1739,3,17232,133,77
1740,0,19112,128,63
1741,1,15866,113,59
1742,2,19403,104,64
1743,3,12015,130,67
1744,0,18169,91,52
1745,1,13905,89,53
1746,2,18560,125,58
1747,3,14366,131,66
1748,0,18497,116,69
1749,1,13624,111,50
1750,2,19066,114,67
1751,3,14600,89,50
1752,0,18442,92,66
1753,1,13836,91,53
1754,2,18632,150,54
1755,3,14306,128,56
1756,0,18451,112,59
1757,1,14332,101,59
1758,2,18615,93,56
1759,3,13922,115,57
1760,0,18610,133,57
1761,1,14481,148,71
1762,2,20454,93,57
1763,3,11975,159,105
1764,0,18275,123,66
1765,1,14458,127,80
1766,2,18914,94,54
1767,3,14690,106,67
1768,0,17806,92,55
1769,1,14512,103,60
1770,2,22437,112,58
1771,3,140617,2357,171
1772,0,53226,183,80
1773,1,34904,213,79
1774,2,32713,184,81
1775,3,26100,206,101
1776,0,79779,209,98
1777,1,25414,140,71
1778,2,11636,106,52
1779,3,23428,141,90
1780,0,21932,176,96
1781,1,3835,97,54
1782,2,15308,95,57
1783,3,26932,122,63
1784,0,5670,109,58
1785,1,27706,110,61
1786,2,6881,123,69
1787,3,26805,233,103
1788,0,2861,95,50
1789,1,28211,96,53
1790,2,4544,95,50
1791,3,24975,100,58
1792,0,9662,115,59
1793,1,25944,107,74
1794,2,4341,102,56
1795,3,24375,118,61
1796,0,8425,113,57
1797,1,20893,120,72
1798,2,15224,158,102
1799,3,22675,157,93
1800,0,6761,132,71
1801,1,23893,109,60
1802,2,8927,109,55
1803,3,20584,121,75
1804,0,16567,108,55
1805,1,22453,131,105
1806,2,6108,108,59
1807,3,22727,98,59
1808,0,13778,100,57
1809,1,16509,124,76
1810,2,12009,123,77
1811,3,17853,184,122
1812,0,14626,139,102
1813,1,17452,94,56
1814,2,14242,92,53
1815,3,18400,94,64
1816,0,19443,154,69
1817,1,20803,138,88
1818,2,13777,124,60
1819,3,17731,172,67
1820,0,12552,113,81
1821,1,18483,133,77
1822,2,15807,1336,117
1823,3,19474,94,72
1824,0,6069,100,55
1825,1,21539,88,58
1826,2,11464,91,49
1827,3,18870,104,60
1828,0,19284,181,60
1829,1,68099,125,60
1830,2,18773,93,61
1831,3,24522,101,68
1832,0,30636,119,71
1833,1,22922,152,66
1834,2,14694,186,90
1835,3,17559,122,58
1836,0,25933,121,60
1837,1,15866,127,58
1838,2,16888,123,60
1839,3,14839,94,59
1840,0,25684,105,58
1841,1,14386,114,60
1842,2,46982,125,58
1843,3,15341,129,80
1844,0,65785,115,78
1845,1,19055,195,78
1846,2,14429,90,56
1847,3,17407,117,77
1848,0,17402,93,51
1849,1,14744,112,73
1850,2,16289,117,67
1851,3,17088,97,52
1852,0,15575,88,49
1853,1,16754,97,68
1854,2,16718,91,50
1855,3,13730,104,51
1856,0,16374,122,55
1857,1,16423,128,53
1858,2,15804,90,55
1859,3,16580,97,54
1860,0,16485,137,64
1861,1,16486,89,52
1862,2,16631,112,60
1863,3,16740,94,54
1864,0,15928,121,66
1865,1,16346,124,60
1866,2,16847,88,53
1867,3,15938,88,101
1868,0,16395,103,54
1869,1,16234,105,54
1870,2,16306,101,52
1871,3,16759,99,56
1872,0,16151,89,53
1873,1,16876,90,52
1874,2,16449,117,53
1875,3,16211,91,53
1876,0,15654,104,53
1877,1,56543,148,75
1878,2,4560,105,55
1879,3,10603,99,49
1880,0,11184,128,71
1881,1,16532,90,52
1882,2,51599,234,68
1883,3,22010,160,83
1884,0,10488,125,68
1885,1,15699,89,51
1886,2,15822,101,52
1887,3,17285,95,55
1888,0,15552,95,55
1889,1,16811,124,57
1890,2,15971,122,55
1891,3,16574,118,69
1892,0,16940,94,55
1893,1,17776,90,56
1894,2,14203,91,54
1895,3,16283,95,57
1896,0,16566,95,56
1897,1,15518,124,58
1898,2,16373,94,54
1899,3,16826,93,56
1900,0,15367,92,53
1901,1,16318,93,56
1902,2,16355,92,55
1903,3,16384,95,54
1904,0,16518,95,55
1905,1,18021,180,67
1906,2,14827,225,89
1907,3,16236,93,69
1908,0,16332,103,57
1909,1,16300,102,54
1910,2,16490,95,58
1911,3,16303,98,60
1912,0,16153,98,69
1913,1,16405,98,57
1914,2,16332,107,58
1915,3,16638,98,68
1916,0,16213,106,56
1917,1,16615,98,56
1918,2,17608,95,59
1919,3,14868,94,56
1920,0,16330,96,67
1921,1,16302,96,56
1922,2,16343,95,57
1923,3,17425,111,77
1924,0,16040,95,59
1925,1,15627,94,54
1926,2,16293,99,58
1927,3,16492,94,55
1928,0,25666,128,66
1929,1,7983,105,58
1930,2,16175,98,56
1931,3,16713,107,59
1932,0,15373,95,54
1933,1,16594,95,58
1934,2,98045,222,102
1935,3,55528,240,95
1936,0,42411,152,112
1937,1,5692,140,54
1938,2,12981,131,70
1939,3,17555,112,57
1940,0,15561,153,82
1941,1,16545,97,66
1942,2,16078,104,55
1943,3,16247,93,67
1944,0,17296,140,61
1945,1,17147,126,66
1946,2,15541,111,56
1947,3,21251,102,57
1948,0,16006,98,71
1949,1,16366,97,69
1950,2,16619,138,98
1951,3,17257,187,98
1952,0,16957,112,62
1953,1,14785,105,64
1954,2,15765,111,60
1955,3,16519,284,63
1956,0,16539,137,65
1957,1,16382,133,64
1958,2,16734,140,79
1959,3,17678,148,65
1960,0,15062,185,67
1961,1,16441,108,64
1962,2,16452,124,89
1963,3,16461,123,73
1964,0,17288,110,66
1965,1,15771,144,78
1966,2,16338,105,61
1967,3,16114,109,66
1968,0,15781,112,67
1969,1,17045,155,93
1970,2,16779,178,91
1971,3,87690,303,128
1972,0,27825,235,97
1973,1,24899,205,118
1974,2,19030,126,74
1975,3,11911,179,100
1976,0,33266,226,116
1977,1,24317,267,150
1978,2,5855,127,70
1979,3,94867,286,137
1980,0,21656,183,92
1981,1,17849,253,110
1982,2,20028,132,89
1983,3,26462,139,94
1984,0,15445,137,72
1985,1,16442,148,100
1986,2,16413,117,68
1987,3,16430,122,69
1988,0,17189,113,63
1989,1,35166,131,76
1990,2,9596,425,109
1991,3,15780,122,68
1992,0,17367,187,84
1993,1,15051,106,64
1994,2,16463,110,64
1995,3,16420,105,64
1996,0,32496,174,81
1997,1,17755,123,104
1998,2,15144,179,87
1999,3,16746,215,104
2000,0,15301,110,64
2001,1,16881,147,69
2002,2,15981,111,61
2003,3,18234,178,107
2004,0,14268,107,65
2005,1,25633,211,90
2006,2,6776,112,64
2007,3,17003,178,77
2008,0,15856,107,62
2009,1,17370,226,104
2010,2,15232,112,63
2011,3,25873,208,88
2012,0,6656,106,61
2013,1,16667,145,74
2014,2,16378,130,72
2015,3,16704,147,101
2016,0,16722,137,94
2017,1,15710,140,82
2018,2,16545,213,104
2019,3,15839,144,71
2020,0,15455,176,152
2021,1,28612,193,118
2022,2,8358,106,62
2023,3,15511,107,67
2024,0,31347,173,103
2025,1,16621,199,115
2026,2,16643,136,74
2027,3,16287,276,167
2028,0,15995,108,61
2029,1,16154,166,87
2030,2,15881,111,61
2031,3,60114,207,131
2032,0,5651,118,85
2033,1,16196,148,85
2034,2,22437,190,106
2035,3,8846,104,59
2036,0,24400,127,79
2037,1,18958,241,108
2038,2,5225,110,63
2039,3,16406,109,65
2040,0,16301,107,61
2041,1,16410,108,59
2042,2,16570,261,84
2043,3,16495,167,97
2044,0,16661,189,99
2045,1,15650,143,71
2046,2,15824,210,94
2047,3,16089,264,106
2048,0,18923,135,99
2049,1,21092,171,112
2050,2,13604,154,85
2051,3,20769,200,99
2052,0,10175,135,75
2053,1,20359,104,61
2054,2,15847,182,70
2055,3,15843,135,79
2056,0,16572,180,86
2057,1,16758,116,68
2058,2,13755,184,112
2059,3,14838,105,58
2060,0,15846,155,85
2061,1,16540,178,78
2062,2,16736,142,84
2063,3,17106,150,89
2064,0,15618,141,82
2065,1,16923,179,92
2066,2,14734,104,59
2067,3,17826,165,93
2068,0,18715,183,96
2069,1,11833,169,87
2070,2,17327,110,63
2071,3,15952,170,89
2072,0,16764,232,123
2073,1,16665,277,165
2074,2,15614,128,61
2075,3,20028,119,65
2076,0,12418,178,92
2077,1,16459,108,79
2078,2,24317,316,139
2079,3,10412,105,79
2080,0,18337,145,84
2081,1,17116,120,62
2082,2,9769,105,62
2083,3,19149,108,66
2084,0,14766,147,71
2085,1,16149,254,167
2086,2,16041,159,139
2087,3,15598,166,85
2088,0,15712,165,91
2089,1,56620,155,75
2090,2,10730,103,62
2091,3,17765,111,66
2092,0,14916,115,64
2093,1,14571,154,87
2094,2,16934,187,99
2095,3,16134,226,100
2096,0,15571,103,64
2097,1,21673,109,58
2098,2,13684,125,62
2099,3,14698,127,71
2100,0,15639,112,60
2101,1,17034,183,158
2102,2,15598,155,79
2103,3,15666,214,104
2104,0,15992,151,86
2105,1,17297,181,97
2106,2,18359,193,101
2107,3,14786,132,63
2108,0,16073,98,59
2109,1,17099,134,62
2110,2,17024,147,86
2111,3,16406,185,91
2112,0,16247,158,111
2113,1,17906,188,107
2114,2,21289,108,61
2115,3,15984,188,87
2116,0,16056,157,84
2117,1,10433,106,60
2118,2,17848,126,62
2119,3,15468,154,76
2120,0,15868,131,76
2121,1,17641,118,65
2122,2,15082,160,74
2123,3,16221,148,87
2124,0,16286,114,72
2125,1,31396,135,69
2126,2,17014,143,105
2127,3,15847,165,94
2128,0,16471,144,83
2129,1,46610,223,129
2130,2,31500,145,114
2131,3,27637,114,82
2132,0,20026,156,75
2133,1,30491,210,112
2134,2,14862,139,74
2135,3,33099,175,94
2136,0,19586,154,76
2137,1,30620,133,86
2138,2,32395,127,66
2139,3,62729,161,85
2140,0,43301,170,85
2141,1,15379,293,150
2142,2,19205,293,146
2143,3,14678,179,75
2144,0,15985,184,110
2145,1,16056,186,104
2146,2,17848,109,68
2147,3,15836,163,121
2148,0,20729,183,116
2149,1,10390,167,101
2150,2,16372,178,102
2151,3,16052,138,70
2152,0,25960,137,137
2153,1,6624,163,72
2154,2,26090,191,100
2155,3,24129,237,104
2156,0,13002,129,76
2157,1,16780,112,68
2158,2,16256,112,65
2159,3,16195,195,118
2160,0,16175,111,70
2161,1,16863,169,82
2162,2,15802,218,135
2163,3,16340,140,77
2164,0,16039,118,72
2165,1,16186,124,76
2166,2,16806,147,85
2167,3,16434,125,89
2168,0,16530,157,65
2169,1,16411,105,84
2170,2,16099,123,67
2171,3,16082,145,90
2172,0,16646,163,97
2173,1,16226,132,90
2174,2,16109,112,89
2175,3,16453,113,63
2176,0,16234,112,73
2177,1,16529,122,67
2178,2,16643,165,135
2179,3,16409,115,79
2180,0,16407,164,102
2181,1,15866,193,101
2182,2,16060,192,95
2183,3,16037,212,101
2184,0,15859,124,106
2185,1,16211,125,70
2186,2,16307,138,76
2187,3,16288,111,64
2188,0,16743,164,116
2189,1,15885,191,93
2190,2,16488,192,93
2191,3,16176,167,78
2192,0,16362,160,115
2193,1,55494,166,92
2194,2,10172,132,66
2195,3,16235,196,88
2196,0,16320,165,89
2197,1,16026,134,72
2198,2,16656,223,111
2199,3,16028,124,72
2200,0,16235,118,73
2201,1,16491,157,84
2202,2,16523,236,132
2203,3,16092,155,89
2204,0,16347,187,110
2205,1,15973,156,89
2206,2,16289,163,101
2207,3,25149,157,125
2208,0,7578,205,132
2209,1,24567,165,140
2210,2,7540,270,108
2211,3,16002,154,96
2212,0,16165,112,91
2213,1,26873,167,73
2214,2,5763,107,65
2215,3,16338,132,93
2216,0,26887,120,88
2217,1,7700,104,60
2218,2,16418,157,66
2219,3,23012,147,69
2220,0,8949,104,61
2221,1,16447,145,70
2222,2,16515,140,74
2223,3,16285,181,86
2224,0,16161,148,86
2225,1,16351,169,87
2226,2,16314,149,100
2227,3,16197,152,94
2228,0,16442,130,76
2229,1,16165,159,133
2230,2,16361,160,93
2231,3,16261,135,78
2232,0,16089,145,76
2233,1,16473,135,78
2234,2,16578,114,63
2235,3,17367,249,111
2236,0,14875,227,116
2237,1,16386,204,106
2238,2,16678,116,66
2239,3,16157,109,95
2240,0,16250,106,67
2241,1,16114,141,147
2242,2,16222,154,97
2243,3,16407,132,69
2244,0,16197,108,66
2245,1,16095,113,71
2246,2,16672,104,65
2247,3,16217,142,92
2248,0,16957,146,118
2249,1,15798,114,70
2250,2,16143,100,60
2251,3,54508,139,89
2252,0,12179,183,80
2253,1,16158,166,102
2254,2,15937,104,82
2255,3,16048,107,67
2256,0,16378,124,63
2257,1,16465,134,103
2258,2,16069,127,70
2259,3,16097,119,66
2260,0,16353,156,72
2261,1,16532,109,71
2262,2,16311,127,97
2263,3,16483,135,92
2264,0,16248,220,88
2265,1,16006,104,89
2266,2,16162,112,74
2267,3,16357,102,66
2268,0,16266,176,81
2269,1,16331,120,77
2270,2,16379,143,65
2271,3,16177,102,63
2272,0,16106,105,65
2273,1,16560,102,62
2274,2,16196,102,61
2275,3,19896,120,63
2276,0,16073,139,65
2277,1,16609,130,65
2278,2,16431,138,94
2279,3,16436,104,60
2280,0,16173,137,114
2281,1,16416,102,81
2282,2,16241,124,81
2283,3,16268,116,60
2284,0,16395,108,68
2285,1,16566,99,60
2286,2,16263,104,71
2287,3,16242,132,85
2288,0,17041,111,82
2289,1,15751,100,60
2290,2,16303,101,61
2291,3,16188,144,92
2292,0,16076,101,60
2293,1,16627,133,85
2294,2,16123,100,60
2295,3,16173,108,68
2296,0,16312,104,62
2297,1,16499,122,72
2298,2,16346,113,62
2299,3,16425,132,89
2300,0,16364,180,93
2301,1,16040,111,71
2302,2,16412,100,60
2303,3,16225,100,61
2304,0,16254,126,84
2305,1,16419,112,82
2306,2,16686,117,59
2307,3,16103,99,64
2308,0,16349,113,65
2309,1,46331,121,73
2310,2,20020,175,86
2311,3,15803,103,68
2312,0,16398,109,61
2313,1,16342,114,65
2314,2,16389,104,62
2315,3,16301,103,61
2316,0,17075,136,70
2317,1,15890,99,58
2318,2,16030,126,79
2319,3,16643,131,87
2320,0,16114,106,61
2321,1,16810,109,77
2322,2,16277,112,78
2323,3,16173,104,75
2324,0,16409,100,65
2325,1,16276,109,76
2326,2,16201,103,63
2327,3,16485,105,75
2328,0,16826,100,60
2329,1,15833,106,65
2330,2,16545,100,56
2331,3,16332,107,66
2332,0,16135,103,61
2333,1,16547,102,63
2334,2,27716,105,58
2335,3,16661,104,82
2336,0,16595,101,77
2337,1,15836,96,63
2338,2,16324,95,66
2339,3,16312,100,60
2340,0,16591,102,61
2341,1,16351,95,60
2342,2,16306,100,62
2343,3,16273,98,59
2344,0,16400,103,62
2345,1,16652,94,58
2346,2,16242,102,74
2347,3,16333,96,54
2348,0,16396,144,84
2349,1,16348,94,57
2350,2,16443,131,82
2351,3,16414,124,76
2352,0,16659,147,94
2353,1,15883,100,59
2354,2,16419,127,65
2355,3,16265,101,67
2356,0,16497,138,104
2357,1,16642,100,66
2358,2,16250,111,105
2359,3,15890,98,71
2360,0,16523,154,91
2361,1,16109,105,60
2362,2,16526,107,65
2363,3,16313,103,60
2364,0,16455,134,100
2365,1,16207,99,60
2366,2,52766,122,57
2367,3,2832,90,53
2368,0,27111,102,61
2369,1,16078,112,62
2370,2,16368,92,63
2371,3,16598,117,65
2372,0,16111,120,60
2373,1,16575,96,59
2374,2,16305,96,60
2375,3,16193,127,62
2376,0,16342,100,58
2377,1,16448,99,62
2378,2,16377,154,63
2379,3,16397,129,73
2380,0,16325,97,58
2381,1,16483,113,68
2382,2,16219,100,64
2383,3,16445,107,67
2384,0,16361,113,60
2385,1,16754,130,85
2386,2,16066,103,63
2387,3,16180,100,79
2388,0,16444,99,60
2389,1,16522,103,69
2390,2,16539,99,63
2391,3,16252,117,76
2392,0,16761,103,61
2393,1,16688,105,64
2394,2,17370,101,61
2395,3,16561,102,57
2396,0,16406,101,58
2397,1,16020,123,66
2398,2,16737,105,64
2399,3,15493,122,67
2400,0,16374,101,65
2401,1,17342,121,67
2402,2,16317,114,65
2403,3,15614,159,126
2404,0,16396,113,77
2405,1,17248,118,66
2406,2,15448,145,88
2407,3,16243,171,117
2408,0,16896,131,65
2409,1,15554,116,69
2410,2,16288,111,70
2411,3,16758,105,80
2412,0,16022,128,66
2413,1,17253,104,75
2414,2,16484,113,83
2415,3,15749,127,81
2416,0,16492,102,61
2417,1,16594,109,71
2418,2,16585,103,73
2419,3,16275,119,60
2420,0,17001,103,61
2421,1,16367,159,112
2422,2,16264,104,90
2423,3,15671,115,71
2424,0,52817,110,71
2425,1,2770,97,55
2426,2,27914,177,92
2427,3,15203,112,58
2428,0,16497,174,77
2429,1,16028,107,66
2430,2,17091,149,98
2431,3,16307,103,75
2432,0,16402,168,123
2433,1,16037,162,118
2434,2,16349,182,80
2435,3,16647,163,96
2436,0,15924,142,96
2437,1,16572,143,119
2438,2,17320,111,73
2439,3,14509,118,71
2440,0,16884,195,113
2441,1,15380,154,80
2442,2,16263,186,89
2443,3,16065,107,83
2444,0,17004,190,93
2445,1,15419,124,69
2446,2,16925,163,92
2447,3,16159,120,71
2448,0,16679,145,92
2449,1,15948,177,78
2450,2,16850,117,78
2451,3,16041,116,69
2452,0,16677,112,69
2453,1,16146,105,63
2454,2,16275,110,64
2455,3,16313,103,63
2456,0,16437,121,98
2457,1,16107,115,85
2458,2,16518,116,61
2459,3,16312,103,65
2460,0,15938,110,77
2461,1,16269,105,77
2462,2,15823,135,86
2463,3,16561,122,61
2464,0,16383,135,80
2465,1,16236,134,73
2466,2,16204,113,66
2467,3,16409,110,61
2468,0,16672,143,102
2469,1,16451,103,60
2470,2,16429,129,93
2471,3,16517,113,64
2472,0,17152,111,66
2473,1,16824,106,64
2474,2,16589,124,79
2475,3,16085,136,68
2476,0,15958,125,105
2477,1,15866,105,62
2478,2,15998,141,94
2479,3,16436,107,62
2480,0,16934,140,73
2481,1,16082,133,111
2482,2,53928,144,105
2483,3,50612,142,87
2484,0,2813,134,78
2485,1,23848,181,107
2486,2,16500,112,81
2487,3,16557,279,139
2488,0,15816,142,111
2489,1,16503,119,69
2490,2,16435,117,84
2491,3,16756,114,67
2492,0,16128,110,90
2493,1,15921,109,68
2494,2,15959,108,65
2495,3,16618,135,66
2496,0,16278,141,81
2497,1,15937,112,67
2498,2,16456,126,72
2499,3,16232,119,69
2500,0,16005,151,95
2501,1,16775,114,63
2502,2,16668,139,66
2503,3,16570,109,91
2504,0,16105,132,67
2505,1,16126,149,76
2506,2,16156,107,69
2507,3,16785,142,88
2508,0,16169,138,82
2509,1,16571,112,71
2510,2,16135,184,106
2511,3,16332,150,112
2512,0,16083,121,74
2513,1,16643,134,82
2514,2,16065,109,66
2515,3,16783,109,75
2516,0,15630,126,89
2517,1,16474,145,99
2518,2,16114,123,91
2519,3,16627,124,122
2520,0,16289,122,67
2521,1,16609,180,101
2522,2,15988,148,96
2523,3,16795,109,71
2524,0,16026,133,83
2525,1,16643,146,94
2526,2,16079,135,109
2527,3,15989,195,93
2528,0,16140,111,65
2529,1,16146,118,73
2530,2,16393,130,69
2531,3,16312,146,126
2532,0,16015,113,66
2533,1,16285,107,85
2534,2,16478,108,67
2535,3,16352,146,90
2536,0,16417,137,83
2537,1,16754,225,150
2538,2,58680,137,85
2539,3,3266,118,65
2540,0,20010,237,96
2541,1,16556,320,108
2542,2,15525,123,74
2543,3,16415,181,75
2544,0,16292,144,83
2545,1,16185,181,71
2546,2,16492,118,81
2547,3,15926,119,62
2548,0,16484,118,96
2549,1,16223,232,114
2550,2,16351,137,89
2551,3,16212,125,85
2552,0,16163,141,137
2553,1,16240,125,83
2554,2,16353,132,86
2555,3,16213,130,78
2556,0,16296,175,110
2557,1,16295,132,84
2558,2,16482,152,117
2559,3,16280,138,78
2560,0,16010,111,70
2561,1,17348,117,63
2562,2,15412,174,97
2563,3,16198,165,83
2564,0,16231,150,155
2565,1,16615,120,90
2566,2,16183,140,118
2567,3,15968,113,60
2568,0,17427,146,118
2569,1,16502,135,82
2570,2,16565,125,73
2571,3,16236,121,67
2572,0,16288,117,63
2573,1,16233,165,70
2574,2,16346,112,92
2575,3,16045,123,73
2576,0,16544,130,82
2577,1,16183,134,92
2578,2,16280,148,74
2579,3,16200,114,80
2580,0,16267,109,79
2581,1,16497,147,78
2582,2,16318,128,74
2583,3,16159,113,58
2584,0,16520,106,77
2585,1,16386,110,59
2586,2,16254,101,63
2587,3,16398,99,59
2588,0,16362,108,62
2589,1,16501,151,117
2590,2,15988,106,67
2591,3,16407,116,59
2592,0,16369,136,90
2593,1,16279,101,64
2594,2,16195,112,69
2595,3,16798,228,87
2596,0,51738,115,69
2597,1,2857,100,55
2598,2,27636,134,107
2599,3,16364,104,79
2600,0,16055,106,64
2601,1,16445,118,78
2602,2,16314,102,62
2603,3,16401,138,81
2604,0,16185,128,79
2605,1,16126,124,78
2606,2,16545,138,77
2607,3,16368,105,82
2608,0,16303,103,63
2609,1,16245,103,80
2610,2,16232,118,84
2611,3,16885,122,123
2612,0,16032,106,61
2613,1,16119,110,70
2614,2,16394,110,63
2615,3,16193,124,68
2616,0,16524,134,112
2617,1,16865,146,107
2618,2,15587,114,69
2619,3,15981,104,68
2620,0,16289,102,63
2621,1,16582,105,76
2622,2,16401,131,93
2623,3,16508,160,103
2624,0,16149,100,57
2625,1,16101,195,119
2626,2,16183,102,65
2627,3,18023,134,84
2628,0,16097,161,59
2629,1,16811,145,105
2630,2,16300,104,82
2631,3,16390,105,68
2632,0,16022,105,78
2633,1,16072,135,100
2634,2,16489,127,68
2635,3,15970,134,110
2636,0,16567,111,63
2637,1,16358,146,109
2638,2,17206,113,63
2639,3,16739,111,66
2640,0,16585,104,61
2641,1,16373,150,90
2642,2,16135,136,80
2643,3,15620,189,98
2644,0,16499,122,62
2645,1,16746,206,143
2646,2,16101,128,69
2647,3,16438,142,70
2648,0,15337,133,81
2649,1,17319,259,145
2650,2,15439,139,85
2651,3,16996,277,116
2652,0,16150,140,69
2653,1,15647,138,97
2654,2,51966,112,63
2655,3,2979,116,61
2656,0,27843,120,102
2657,1,13070,119,66
2658,2,17069,130,74
2659,3,15988,144,93
2660,0,16688,111,67
2661,1,15868,101,63
2662,2,16990,99,60
2663,3,16481,118,65
2664,0,16497,102,62
2665,1,16314,115,80
2666,2,16377,101,61
2667,3,16480,104,68
2668,0,16461,97,80
2669,1,16369,167,84
2670,2,16784,114,78
2671,3,16631,146,71
2672,0,15947,156,72
2673,1,16629,156,68
2674,2,15888,131,95
2675,3,16913,155,66
2676,0,16047,125,62
2677,1,16999,139,85
2678,2,15864,166,72
2679,3,16372,134,90
2680,0,16051,105,65
2681,1,16449,136,87
2682,2,16085,126,62
2683,3,15257,158,84
2684,0,17097,169,70
2685,1,16756,207,121
2686,2,15643,147,80
2687,3,16379,187,78
2688,0,15353,154,90
2689,1,16147,214,117
2690,2,17717,136,78
2691,3,15515,109,68
2692,0,16011,103,61
2693,1,15612,141,83
2694,2,16372,122,80
2695,3,16298,110,66
2696,0,16319,106,77
2697,1,16363,112,66
2698,2,16195,106,75
2699,3,16493,142,93
2700,0,15889,147,66
2701,1,16471,125,73
2702,2,16875,121,65
2703,3,16507,109,69
2704,0,16339,105,65
2705,1,16230,130,82
2706,2,16169,105,62
2707,3,16543,103,59
2708,0,16401,118,69
2709,1,16352,103,64
2710,2,16446,133,88
2711,3,16159,105,78
2712,0,53357,122,62
2713,1,3533,96,54
2714,2,25825,106,59
2715,3,12944,107,62
2716,0,17609,146,67
2717,1,15216,126,84
2718,2,16266,129,81
2719,3,16325,103,61
2720,0,16375,97,70
2721,1,16135,119,59
2722,2,16271,103,58
2723,3,16297,99,71
2724,0,16585,128,85
2725,1,16450,107,59
2726,2,16457,102,60
2727,3,16111,120,65
2728,0,16516,118,92
2729,1,16354,107,65
2730,2,16264,133,86
2731,3,16428,108,64
2732,0,15979,102,78
2733,1,16516,111,66
2734,2,16308,100,59
2735,3,16423,120,68
2736,0,16258,112,61
2737,1,16484,131,86
2738,2,16510,100,78
2739,3,16148,134,86
2740,0,16147,101,59
2741,1,16528,112,96
2742,2,16397,103,60
2743,3,16515,133,86
2744,0,16074,99,57
2745,1,16339,123,89
2746,2,16304,102,56
2747,3,16672,120,65
2748,0,16007,98,59
2749,1,16591,131,83
2750,2,16256,99,74
2751,3,16284,105,61
2752,0,16532,127,77
2753,1,16204,107,62
2754,2,16244,103,58
2755,3,17125,129,81
2756,0,15836,100,69
2757,1,16201,127,78
2758,2,16621,94,56
2759,3,16137,103,60
2760,0,16376,98,64
2761,1,16140,115,59
2762,2,16334,96,58
2763,3,16595,101,65
2764,0,16364,112,64
2765,1,16337,102,74
2766,2,16249,99,58
2767,3,16622,103,62
2768,0,16273,99,59
2769,1,16389,129,82
2770,2,53744,140,83
2771,3,2560,91,50
2772,0,27148,181,74
2773,1,14574,128,85
2774,2,16390,95,62
2775,3,16283,126,108
2776,0,16259,97,58
2777,1,16335,102,58
2778,2,16294,99,60
2779,3,16433,122,86
2780,0,16517,98,59
2781,1,16330,96,67
2782,2,16340,103,61
2783,3,16321,102,59
2784,0,16442,123,69
2785,1,16142,99,59
2786,2,16435,131,82
2787,3,16288,100,58
2788,0,16516,105,60
2789,1,16433,98,57
2790,2,16399,156,95
2791,3,16371,132,81
2792,0,16358,114,67
2793,1,16298,110,70
2794,2,16153,121,67
2795,3,16493,97,59
2796,0,16309,131,90
2797,1,16320,109,68
2798,2,16488,159,121
2799,3,16726,206,98
2800,0,15701,126,84
2801,1,16209,163,101
2802,2,16771,104,67
2803,3,15900,116,77
2804,0,16620,124,81
2805,1,16519,268,144
2806,2,15799,134,90
2807,3,16416,115,65
2808,0,16550,107,74
2809,1,16025,120,74
2810,2,16537,135,100
2811,3,16815,222,112
2812,0,15168,120,67
2813,1,16507,103,67
2814,2,16174,101,66
2815,3,16349,129,64
2816,0,16130,102,64
2817,1,16439,141,63
2818,2,16434,111,65
2819,3,16272,97,90
2820,0,16122,98,60
2821,1,16370,104,61
2822,2,16314,96,58
2823,3,16302,99,64
2824,0,16440,108,66
2825,1,16134,100,66
2826,2,16428,97,62
2827,3,16430,103,79
2828,0,55051,111,61
2829,1,3228,90,50
2830,2,24769,130,76
2831,3,15984,158,84
2832,0,16557,130,87
2833,1,16552,125,61
2834,2,15604,96,70
2835,3,16105,100,57
2836,0,16685,125,56
2837,1,16056,98,55
2838,2,16559,96,57
2839,3,16423,114,66
2840,0,16538,109,56
2841,1,16208,94,58
2842,2,16518,96,63
2843,3,16332,150,80
2844,0,16259,96,61
2845,1,16601,160,88
2846,2,15818,107,58
2847,3,17123,154,81
2848,0,16092,147,71
2849,1,16454,152,92
2850,2,15955,136,67
2851,3,16533,185,89
2852,0,16189,130,69
2853,1,16370,134,92
2854,2,15916,121,72
2855,3,16263,146,57
2856,0,16554,99,60
2857,1,16324,146,75
2858,2,15891,115,58
2859,3,17352,185,77
2860,0,16453,204,104
2861,1,15182,143,72
2862,2,16268,98,61
2863,3,16544,136,70
2864,0,16548,141,74
2865,1,15783,150,75
2866,2,16623,135,82
2867,3,16138,143,83
2868,0,16814,138,126
2869,1,15762,132,65
2870,2,16721,99,79
2871,3,16506,104,81
2872,0,16317,103,60
2873,1,16289,103,61
2874,2,16125,128,72
2875,3,16092,103,58
2876,0,15915,93,57
2877,1,16527,117,60
2878,2,16307,94,59
2879,3,16269,96,58
2880,0,16370,98,69
2881,1,16509,105,60
2882,2,16156,128,74
2883,3,16365,95,59
2884,0,16260,96,58
2885,1,16245,105,61
2886,2,59746,144,83
2887,3,3290,119,86
2888,0,18526,110,61
2889,1,16340,106,59
2890,2,27937,133,65
2891,3,4697,108,59
2892,0,16362,108,61
2893,1,16674,113,58
2894,2,15769,109,63
2895,3,16558,124,69
2896,0,31465,228,132
2897,1,2705,95,55
2898,2,32981,206,128
2899,3,13087,218,97
2900,0,16895,157,81
2901,1,16324,258,137
2902,2,16866,152,97
2903,3,16419,146,71
2904,0,15310,129,102
2905,1,16234,140,86
2906,2,16388,119,73
2907,3,16493,150,85
2908,0,16043,191,96
2909,1,17194,134,69
2910,2,15185,168,75
2911,3,16379,161,78
2912,0,21728,175,94
2913,1,10473,135,68
2914,2,17892,228,129
2915,3,14936,170,88
2916,0,15052,120,91
2917,1,17200,110,67
2918,2,16859,129,79
2919,3,17778,119,76
2920,0,32888,166,105
2921,1,15315,128,68
2922,2,17841,109,70
2923,3,14071,151,82
2924,0,16312,140,90
2925,1,15739,150,80
2926,2,16118,126,89
2927,3,17216,142,73
2928,0,16017,134,66
2929,1,16230,144,97
2930,2,16747,144,72
2931,3,16100,123,71
2932,0,16668,138,79
2933,1,16027,111,67
2934,2,16406,152,73
2935,3,16602,121,73
2936,0,16301,131,84
2937,1,16800,176,73
2938,2,17308,116,73
2939,3,14745,151,87
2940,0,16881,139,116
2941,1,16060,149,89
2942,2,60922,116,59
2943,3,4209,117,59
2944,0,16378,119,93
2945,1,16851,167,92
2946,2,16128,124,73
2947,3,17496,227,165
2948,0,16489,376,218
2949,1,15160,170,91
2950,2,17004,176,101
2951,3,16098,115,69
2952,0,15464,135,60
2953,1,15410,132,62
2954,2,16144,206,144
2955,3,17134,145,67
2956,0,15805,151,72
2957,1,17178,202,97
2958,2,15993,160,83
2959,3,16672,111,78
2960,0,15514,142,73
2961,1,16317,124,65
2962,2,15956,119,69
2963,3,16945,137,74
2964,0,17929,145,86
2965,1,15838,127,72
2966,2,15171,196,95
2967,3,16834,146,82
2968,0,16786,150,94
2969,1,15267,113,65
2970,2,16086,116,65
2971,3,15811,151,70
2972,0,16341,108,76
2973,1,16661,139,96
2974,2,16423,139,66
2975,3,16461,110,68
2976,0,15792,111,66
2977,1,16380,138,72
2978,2,16070,137,97
2979,3,17312,107,63
2980,0,16125,121,65
2981,1,16381,110,64
2982,2,16290,123,58
2983,3,16277,128,98
2984,0,16515,130,85
2985,1,16134,102,61
2986,2,16213,105,58
2987,3,16656,137,83
2988,0,17305,173,91
2989,1,16160,276,100
2990,2,16213,448,138
2991,3,15860,206,82
2992,0,16071,192,147
2993,1,16212,176,100
2994,2,15548,123,73
2995,3,16154,138,81
2996,0,16284,142,82
2997,1,16592,129,75
2998,2,16942,297,172
2999,3,14961,115,60
3000,0,62075,132,65
3001,1,4235,129,99
3002,2,19234,199,121
3003,3,13742,123,64
3004,0,16532,191,106
3005,1,16118,171,101
3006,2,16125,156,86
3007,3,16625,174,91
3008,0,17321,171,120
3009,1,32138,195,75
3010,2,15843,190,122
3011,3,16059,263,151
3012,0,15487,118,91
3013,1,24568,325,170
3014,2,8231,184,119
3015,3,15738,153,91
3016,0,16121,167,97
3017,1,17700,152,109
3018,2,15843,171,103
3019,3,33081,271,112
3020,0,21437,345,126
3021,1,10141,113,67
3022,2,15964,123,96
3023,3,16582,124,70
3024,0,16947,169,107
3025,1,16120,121,70
3026,2,34291,288,137
3027,3,12153,176,105
3028,0,16332,154,92
3029,1,15575,141,93
3030,2,16607,186,111
3031,3,17145,185,116
3032,0,38384,247,96
3033,1,10307,154,73
3034,2,35024,127,80
3035,3,33850,167,111
3036,0,40952,155,104
3037,1,21341,186,127
3038,2,16908,181,94
3039,3,15517,217,120
3040,0,14803,162,79
3041,1,16643,180,138
3042,2,17777,156,96
3043,3,31027,132,88
3044,0,15731,176,100
3045,1,16261,174,109
3046,2,18909,187,118
3047,3,14565,199,106
3048,0,19667,135,69
3049,1,74156,132,68
3050,2,4936,139,101
3051,3,17541,108,66
3052,0,16278,116,67
3053,1,14575,112,67
3054,2,12663,116,67
3055,3,15056,113,66
3056,0,16366,111,65
3057,1,16456,111,64
3058,2,19829,154,87
3059,3,12581,129,87
3060,0,16713,119,63
3061,1,15791,109,65
3062,2,16241,111,71
3063,3,16285,145,71
3064,0,16471,111,66
3065,1,16240,109,65
3066,2,16098,136,102
3067,3,16155,135,84
3068,0,16081,115,66
3069,1,16591,142,93
3070,2,16194,123,64
3071,3,16672,124,89
3072,0,16338,133,64
3073,1,16078,153,84
3074,2,16072,98,59
3075,3,16448,117,70
3076,0,16214,98,60
3077,1,16436,96,62
3078,2,16386,106,67
3079,3,15920,99,60
3080,0,16523,101,61
3081,1,16343,106,60
3082,2,16403,98,61
3083,3,16306,121,66
3084,0,16395,103,59
3085,1,16324,109,58
3086,2,16338,98,78
3087,3,16332,103,61
3088,0,16349,98,60
3089,1,16345,112,72
3090,2,16376,101,59
3091,3,16420,96,60
3092,0,16702,106,64
3093,1,16374,149,73
3094,2,16536,205,78
3095,3,16609,278,131
3096,0,16036,123,71
3097,1,17234,166,88
3098,2,15338,249,116
3099,3,16156,241,123
3100,0,15891,120,105
3101,1,16064,156,90
3102,2,21161,164,112
3103,3,11737,114,65
3104,0,16440,130,71
3105,1,16388,124,73
3106,2,15932,126,72
3107,3,56537,162,138
3108,0,47664,157,71
3109,1,2591,178,84
3110,2,30669,127,68
3111,3,10722,129,62
3112,0,15900,116,69
3113,1,16327,132,63
3114,2,16240,110,69
3115,3,16251,103,62
3116,0,16141,113,63
3117,1,16480,112,63
3118,2,15954,113,62
3119,3,25053,151,79
3120,0,21825,115,64
3121,1,16631,106,61
3122,2,16522,115,65
3123,3,16477,118,61
3124,0,16556,176,67
3125,1,16080,113,76
3126,2,15986,99,70
3127,3,16421,99,71
3128,0,15931,114,58
3129,1,16587,106,66
3130,2,16332,101,58
3131,3,16136,130,59
3132,0,16268,114,59
3133,1,16464,100,60
3134,2,16190,106,60
3135,3,16493,139,67
3136,0,16358,99,70
3137,1,16141,129,60
3138,2,16313,121,58
3139,3,16296,110,62
3140,0,16203,116,58
3141,1,16558,105,63
3142,2,15900,98,58
3143,3,16686,94,56
3144,0,16256,96,58
3145,1,16402,109,71
3146,2,16269,112,56
3147,3,16707,114,72
3148,0,15907,126,79
3149,1,16460,125,65
3150,2,16394,97,60
3151,3,16381,97,59
3152,0,16160,100,60
3153,1,16557,116,78
3154,2,16422,130,65
3155,3,16005,97,59
3156,0,16433,100,60
3157,1,16304,124,61
3158,2,16170,103,59
3159,3,16602,114,65
3160,0,16316,98,57
3161,1,16219,97,59
3162,2,55882,138,87
3163,3,9781,101,57
3164,0,16819,103,68
3165,1,16464,99,58
3166,2,15892,98,58
3167,3,16410,100,60
3168,0,16243,103,63
3169,1,16436,100,64
3170,2,16086,98,60
3171,3,16680,97,59
3172,0,16043,113,58
3173,1,16444,100,58
3174,2,16366,96,59
3175,3,16495,99,59
3176,0,16206,108,56
3177,1,16422,103,59
3178,2,16548,94,57
3179,3,16215,95,59
3180,0,16438,97,59
3181,1,16485,107,55
3182,2,16403,93,84
3183,3,16213,97,57
3184,0,16506,97,61
3185,1,16197,94,57
3186,2,16460,99,59
3187,3,16200,95,73
3188,0,16711,97,83
3189,1,16204,95,58
3190,2,16202,94,81
3191,3,16302,120,56
3192,0,16540,105,63
3193,1,16098,97,58
3194,2,16585,99,57
3195,3,16473,106,58
3196,0,16225,108,57
3197,1,16225,97,60
3198,2,16240,154,60
3199,3,16177,129,61
3200,0,16438,111,60
3201,1,16306,159,60
3202,2,26485,118,76
3203,3,16045,105,58
3204,0,16632,93,55
3205,1,16847,95,58
3206,2,15869,93,56
3207,3,16486,95,55
3208,0,16079,101,57
3209,1,16358,100,57
3210,2,16426,106,67
3211,3,16429,123,57
3212,0,16319,109,57
3213,1,16406,115,58
3214,2,16364,98,55
3215,3,16408,93,56
3216,0,16432,110,57
3217,1,16593,103,84
3218,2,15896,93,57
3219,3,52851,119,77
3220,0,3255,99,58
3221,1,26818,162,84
3222,2,15865,120,80
3223,3,16733,114,78
3224,0,16184,111,75
3225,1,16322,93,56
3226,2,16288,95,99
3227,3,16709,192,153
3228,0,15679,93,56
3229,1,16695,110,58
3230,2,16387,91,56
3231,3,16153,111,55
3232,0,16365,92,57
3233,1,16698,162,128
3234,2,16051,96,56
3235,3,16341,102,52
3236,0,16542,98,56
3237,1,16260,115,56
3238,2,16690,91,54
3239,3,16305,116,72
3240,0,16100,103,58
3241,1,16665,94,90
3242,2,16167,97,55
3243,3,16436,106,79
3244,0,16489,93,54
3245,1,16636,119,71
3246,2,16217,94,55
3247,3,16322,119,59
3248,0,16445,94,53
3249,1,16429,96,56
3250,2,16438,95,55
3251,3,16274,120,73
3252,0,16430,102,57
3253,1,16306,93,57
3254,2,16410,93,57
3255,3,16346,105,55
3256,0,16371,94,54
3257,1,16479,119,73
3258,2,16485,93,56
3259,3,16207,95,55
3260,0,16451,95,56
3261,1,19816,94,57
3262,2,16235,94,56
3263,3,16182,119,73
3264,0,16625,101,59
3265,1,16287,90,52
3266,2,16270,110,73
3267,3,16433,94,58
3268,0,16508,122,63
3269,1,16343,140,108
3270,2,16310,124,66
3271,3,16372,123,60
3272,0,16007,118,77
3273,1,16420,122,77
3274,2,16357,116,79
3275,3,16215,131,56
3276,0,16383,107,58
3277,1,50986,91,55
3278,2,3169,98,57
3279,3,28241,124,54
3280,0,16356,129,58
3281,1,16204,96,66
3282,2,16396,111,55
3283,3,16226,101,57
3284,0,16314,111,58
3285,1,16375,92,54
3286,2,16546,104,57
3287,3,16405,123,72
3288,0,16244,118,77
3289,1,16279,120,74
3290,2,16747,98,67
3291,3,15972,125,69
3292,0,16461,124,80
3293,1,16193,148,79
3294,2,16238,113,80
3295,3,16484,116,77
3296,0,16218,130,80
3297,1,16236,126,73
3298,2,16461,111,77
3299,3,16267,127,79
3300,0,16296,122,75
3301,1,16333,114,80
3302,2,16213,120,61
3303,3,16267,109,56
3304,0,16344,142,60
3305,1,16369,114,67
3306,2,16307,107,56
3307,3,16126,116,56
3308,0,16553,116,89
3309,1,16380,121,69
3310,2,16381,110,78
3311,3,16288,132,74
3312,0,16201,122,77
3313,1,16081,140,68
3314,2,16678,120,74
3315,3,16226,146,83
3316,0,16401,123,67
3317,1,15974,120,82
3318,2,16531,115,83
3319,3,16226,130,63
3320,0,17799,124,82
3321,1,16332,151,79
3322,2,16223,120,72
3323,3,16187,104,64
3324,0,16131,134,67
3325,1,16635,104,67
3326,2,16209,102,62
3327,3,16504,147,91
3328,0,16232,102,64
3329,1,16258,133,68
3330,2,16176,102,65
3331,3,16399,102,64
3332,0,16237,113,64
3333,1,16370,101,66
3334,2,16648,128,65
3335,3,55653,100,63
3336,0,3467,110,78
3337,1,23255,146,62
3338,2,16076,232,155
3339,3,15306,105,63
3340,0,15904,188,94
3341,1,16639,114,62
3342,2,16269,101,64
3343,3,15698,104,66
3344,0,16532,133,89
3345,1,16464,100,65
3346,2,15905,103,67
3347,3,16148,117,66
3348,0,16497,124,83
3349,1,16157,101,67
3350,2,16957,175,142
3351,3,16700,102,73
3352,0,15373,133,75
3353,1,16184,100,64
3354,2,16220,101,66
3355,3,16280,135,65
3356,0,16498,177,125
3357,1,16205,103,67
3358,2,16180,99,64
3359,3,16327,99,79
3360,0,16596,121,73
3361,1,16503,128,80
3362,2,16215,97,57
3363,3,16240,153,80
3364,0,15751,117,59
3365,1,16654,133,58
3366,2,16254,151,65
3367,3,16410,100,62
3368,0,16329,134,58
3369,1,16253,125,59
3370,2,16203,99,59
3371,3,16448,116,74
3372,0,16363,120,60
3373,1,16320,98,60
3374,2,16703,100,58
3375,3,15994,126,68
3376,0,16068,151,79
3377,1,16404,129,72
3378,2,16404,133,61
3379,3,16445,140,67
3380,0,16236,145,89
3381,1,16207,143,65
3382,2,16351,132,67
3383,3,16400,146,66
3384,0,16172,104,65
3385,1,16300,97,60
3386,2,16365,126,62
3387,3,16224,155,102
3388,0,15981,125,64
3389,1,16561,114,59
3390,2,16364,100,59
3391,3,16544,134,63
3392,0,16417,139,87
3393,1,55278,104,61
3394,2,3085,131,54
3395,3,24102,102,61
3396,0,16363,141,79
3397,1,16285,126,80
3398,2,16431,118,66
3399,3,16430,127,77
3400,0,15989,131,79
3401,1,16374,157,86
3402,2,16270,129,92
3403,3,16194,128,88
3404,0,16476,128,79
3405,1,16376,137,77
3406,2,16300,104,67
3407,3,16309,100,61
3408,0,16809,128,67
3409,1,15731,98,68
3410,2,16325,101,65
3411,3,16307,132,66
3412,0,16368,128,63
3413,1,16265,131,82
3414,2,16305,135,68
3415,3,16343,139,63
3416,0,16460,136,66
3417,1,16467,100,57
3418,2,16135,103,60
3419,3,16585,112,60
3420,0,16349,119,61
3421,1,16481,95,58
3422,2,16251,106,58
3423,3,16428,100,59
3424,0,16244,141,56
3425,1,16318,130,59
3426,2,16673,136,53
3427,3,16358,95,55
3428,0,16237,127,59
3429,1,16486,127,78
3430,2,16196,117,71
3431,3,16539,147,58
3432,0,16409,128,54
3433,1,16593,110,58
3434,2,16237,118,58
3435,3,16032,133,57
3436,0,16321,124,69
3437,1,16529,133,59
3438,2,16833,140,61
3439,3,16853,131,66
3440,0,15777,112,58
3441,1,16299,111,56
3442,2,16353,129,56
3443,3,16196,114,60
3444,0,16325,106,58
3445,1,16671,106,59
3446,2,16320,108,68
3447,3,16301,100,64
3448,0,16367,106,64
3449,1,16162,112,63
3450,2,16406,116,64
3451,3,52655,140,60
3452,0,2945,95,50
3453,1,27391,96,59
3454,2,13544,127,63
3455,3,16424,113,82
3456,0,16383,97,56
3457,1,16091,114,57
3458,2,16385,104,58
3459,3,16234,121,57
3460,0,16480,125,57
3461,1,16518,132,129
3462,2,16476,122,67
3463,3,16031,118,80
3464,0,16332,119,64
3465,1,16448,136,97
3466,2,16294,121,60
3467,3,16383,95,54
3468,0,16354,97,58
3469,1,16473,94,56
3470,2,16305,92,55
3471,3,16319,107,57
3472,0,16521,115,55
3473,1,16446,97,65
3474,2,16364,98,72
3475,3,16204,92,55
3476,0,16283,127,70
3477,1,16367,94,57
3478,2,16413,93,54
3479,3,16727,107,57
3480,0,16091,96,58
3481,1,16244,95,57
3482,2,16278,113,56
3483,3,16435,97,60
3484,0,16324,97,60
3485,1,16634,93,57
3486,2,16324,122,59
3487,3,16024,103,56
3488,0,16324,111,60
3489,1,16439,97,58
3490,2,16380,95,58
3491,3,16537,94,58
3492,0,16206,118,61
3493,1,16312,96,56
3494,2,16377,109,56
3495,3,16464,101,60
3496,0,16303,100,59
3497,1,16676,96,57
3498,2,16194,114,60
3499,3,16318,95,57
3500,0,16210,98,74
3501,1,16413,130,58
3502,2,16351,95,56
3503,3,16574,129,87
3504,0,15927,120,75
3505,1,16611,124,62
3506,2,16272,113,58
3507,3,16517,96,59
3508,0,16275,99,56
3509,1,55918,116,56
3510,2,3568,89,49
3511,3,23291,170,104
3512,0,16007,118,75
3513,1,16295,121,71
3514,2,16274,117,72
3515,3,16419,118,66
3516,0,16360,119,66
3517,1,16414,122,88
3518,2,15981,118,65
3519,3,16525,137,74
3520,0,16377,116,66
3521,1,16245,140,65
3522,2,16292,144,67
3523,3,16353,99,63
3524,0,16345,121,63
3525,1,16450,101,82
3526,2,16604,157,82
3527,3,16206,99,64
3528,0,16396,111,57
3529,1,16135,93,58
3530,2,16302,98,55
3531,3,16485,101,59
3532,0,16797,133,64
3533,1,15914,98,57
3534,2,16305,102,59
3535,3,16339,96,58
3536,0,16383,122,60
3537,1,16506,115,72
3538,2,16558,129,87
3539,3,15815,97,64
3540,0,16505,123,63
3541,1,16307,124,60
3542,2,16362,98,56
3543,3,16381,117,58
3544,0,16401,114,65
3545,1,16165,94,56
3546,2,16447,96,56
3547,3,16353,93,57
3548,0,16395,94,55
3549,1,16464,103,68
3550,2,16585,115,62
3551,3,15908,110,58
3552,0,16545,129,98
3553,1,16104,94,56
3554,2,16438,98,60
3555,3,16348,128,81
3556,0,16161,137,67
3557,1,16603,96,60
